%###############################################################
%               Frequency                        |S11|
%                                            insertion loss
%                 (GHz)                           (dB)
%###############################################################
                      27                      -1.8977826
                  27.003                      -1.8977591
                  27.006                      -1.8977348
                  27.009                      -1.8977095
                  27.012                       -1.897683
                  27.015                      -1.8976554
                  27.018                      -1.8976263
                  27.021                      -1.8975958
                  27.024                      -1.8975638
                  27.027                        -1.89753
                   27.03                      -1.8974945
                  27.033                      -1.8974571
                  27.036                      -1.8974177
                  27.039                      -1.8973762
                  27.042                      -1.8973325
                  27.045                      -1.8972866
                  27.048                      -1.8972383
                  27.051                      -1.8971876
                  27.054                      -1.8971343
                  27.057                      -1.8970785
                   27.06                        -1.89702
                  27.063                      -1.8969587
                  27.066                      -1.8968946
                  27.069                      -1.8968276
                  27.072                      -1.8967577
                  27.075                      -1.8966847
                  27.078                      -1.8966087
                  27.081                      -1.8965295
                  27.084                      -1.8964471
                  27.087                      -1.8963615
                   27.09                      -1.8962725
                  27.093                      -1.8961802
                  27.096                      -1.8960845
                  27.099                      -1.8959854
                  27.102                      -1.8958827
                  27.105                      -1.8957766
                  27.108                      -1.8956668
                  27.111                      -1.8955535
                  27.114                      -1.8954365
                  27.117                      -1.8953158
                   27.12                      -1.8951915
                  27.123                      -1.8950634
                  27.126                      -1.8949316
                  27.129                       -1.894796
                  27.132                      -1.8946565
                  27.135                      -1.8945133
                  27.138                      -1.8943662
                  27.141                      -1.8942153
                  27.144                      -1.8940605
                  27.147                      -1.8939018
                   27.15                      -1.8937393
                  27.153                      -1.8935728
                  27.156                      -1.8934025
                  27.159                      -1.8932282
                  27.162                        -1.89305
                  27.165                      -1.8928679
                  27.168                      -1.8926819
                  27.171                      -1.8924919
                  27.174                      -1.8922981
                  27.177                      -1.8921003
                   27.18                      -1.8918987
                  27.183                      -1.8916932
                  27.186                      -1.8914837
                  27.189                      -1.8912704
                  27.192                      -1.8910533
                  27.195                      -1.8908323
                  27.198                      -1.8906075
                  27.201                      -1.8903788
                  27.204                      -1.8901464
                  27.207                      -1.8899101
                   27.21                      -1.8896702
                  27.213                      -1.8894265
                  27.216                       -1.889179
                  27.219                      -1.8889279
                  27.222                      -1.8886731
                  27.225                      -1.8884147
                  27.228                      -1.8881526
                  27.231                       -1.887887
                  27.234                      -1.8876178
                  27.237                      -1.8873451
                   27.24                      -1.8870689
                  27.243                      -1.8867893
                  27.246                      -1.8865062
                  27.249                      -1.8862197
                  27.252                      -1.8859298
                  27.255                      -1.8856367
                  27.258                      -1.8853402
                  27.261                      -1.8850405
                  27.264                      -1.8847376
                  27.267                      -1.8844315
                   27.27                      -1.8841223
                  27.273                        -1.88381
                  27.276                      -1.8834946
                  27.279                      -1.8831762
                  27.282                      -1.8828549
                  27.285                      -1.8825306
                  27.288                      -1.8822035
                  27.291                      -1.8818735
                  27.294                      -1.8815407
                  27.297                      -1.8812052
                    27.3                       -1.880867
                  27.303                      -1.8805261
                  27.306                      -1.8801826
                  27.309                      -1.8798366
                  27.312                       -1.879488
                  27.315                       -1.879137
                  27.318                      -1.8787836
                  27.321                      -1.8784278
                  27.324                      -1.8780697
                  27.327                      -1.8777093
                   27.33                      -1.8773467
                  27.333                       -1.876982
                  27.336                      -1.8766151
                  27.339                      -1.8762461
                  27.342                      -1.8758752
                  27.345                      -1.8755023
                  27.348                      -1.8751274
                  27.351                      -1.8747507
                  27.354                      -1.8743722
                  27.357                       -1.873992
                   27.36                        -1.87361
                  27.363                      -1.8732264
                  27.366                      -1.8728411
                  27.369                      -1.8724543
                  27.372                       -1.872066
                  27.375                      -1.8716763
                  27.378                      -1.8712852
                  27.381                      -1.8708927
                  27.384                      -1.8704989
                  27.387                      -1.8701039
                   27.39                      -1.8697077
                  27.393                      -1.8693104
                  27.396                       -1.868912
                  27.399                      -1.8685126
                  27.402                      -1.8681121
                  27.405                      -1.8677108
                  27.408                      -1.8673085
                  27.411                      -1.8669055
                  27.414                      -1.8665016
                  27.417                      -1.8660971
                   27.42                      -1.8656918
                  27.423                      -1.8652859
                  27.426                      -1.8648795
                  27.429                      -1.8644725
                  27.432                      -1.8640651
                  27.435                      -1.8636572
                  27.438                      -1.8632489
                  27.441                      -1.8628404
                  27.444                      -1.8624315
                  27.447                      -1.8620224
                   27.45                      -1.8616131
                  27.453                      -1.8612037
                  27.456                      -1.8607942
                  27.459                      -1.8603846
                  27.462                      -1.8599751
                  27.465                      -1.8595656
                  27.468                      -1.8591562
                  27.471                      -1.8587469
                  27.474                      -1.8583378
                  27.477                       -1.857929
                   27.48                      -1.8575204
                  27.483                      -1.8571121
                  27.486                      -1.8567042
                  27.489                      -1.8562967
                  27.492                      -1.8558897
                  27.495                      -1.8554831
                  27.498                      -1.8550771
                  27.501                      -1.8546716
                  27.504                      -1.8542668
                  27.507                      -1.8538626
                   27.51                      -1.8534591
                  27.513                      -1.8530563
                  27.516                      -1.8526543
                  27.519                      -1.8522531
                  27.522                      -1.8518528
                  27.525                      -1.8514533
                  27.528                      -1.8510548
                  27.531                      -1.8506572
                  27.534                      -1.8502606
                  27.537                      -1.8498651
                   27.54                      -1.8494706
                  27.543                      -1.8490772
                  27.546                      -1.8486849
                  27.549                      -1.8482938
                  27.552                      -1.8479039
                  27.555                      -1.8475152
                  27.558                      -1.8471278
                  27.561                      -1.8467416
                  27.564                      -1.8463568
                  27.567                      -1.8459734
                   27.57                      -1.8455913
                  27.573                      -1.8452107
                  27.576                      -1.8448315
                  27.579                      -1.8444537
                  27.582                      -1.8440775
                  27.585                      -1.8437027
                  27.588                      -1.8433296
                  27.591                      -1.8429579
                  27.594                      -1.8425879
                  27.597                      -1.8422196
                    27.6                      -1.8418528
                  27.603                      -1.8414878
                  27.606                      -1.8411244
                  27.609                      -1.8407628
                  27.612                      -1.8404029
                  27.615                      -1.8400447
                  27.618                      -1.8396884
                  27.621                      -1.8393338
                  27.624                      -1.8389811
                  27.627                      -1.8386302
                   27.63                      -1.8382812
                  27.633                       -1.837934
                  27.636                      -1.8375888
                  27.639                      -1.8372455
                  27.642                      -1.8369041
                  27.645                      -1.8365646
                  27.648                      -1.8362271
                  27.651                      -1.8358917
                  27.654                      -1.8355581
                  27.657                      -1.8352267
                   27.66                      -1.8348972
                  27.663                      -1.8345698
                  27.666                      -1.8342444
                  27.669                       -1.833921
                  27.672                      -1.8335998
                  27.675                      -1.8332806
                  27.678                      -1.8329636
                  27.681                      -1.8326486
                  27.684                      -1.8323358
                  27.687                      -1.8320251
                   27.69                      -1.8317165
                  27.693                      -1.8314101
                  27.696                      -1.8311058
                  27.699                      -1.8308037
                  27.702                      -1.8305038
                  27.705                       -1.830206
                  27.708                      -1.8299104
                  27.711                       -1.829617
                  27.714                      -1.8293258
                  27.717                      -1.8290368
                   27.72                        -1.82875
                  27.723                      -1.8284654
                  27.726                      -1.8281831
                  27.729                      -1.8279029
                  27.732                       -1.827625
                  27.735                      -1.8273493
                  27.738                      -1.8270758
                  27.741                      -1.8268046
                  27.744                      -1.8265355
                  27.747                      -1.8262688
                   27.75                      -1.8260042
                  27.753                      -1.8257419
                  27.756                      -1.8254818
                  27.759                       -1.825224
                  27.762                      -1.8249684
                  27.765                       -1.824715
                  27.768                      -1.8244638
                  27.771                      -1.8242149
                  27.774                      -1.8239683
                  27.777                      -1.8237238
                   27.78                      -1.8234816
                  27.783                      -1.8232417
                  27.786                      -1.8230039
                  27.789                      -1.8227684
                  27.792                      -1.8225351
                  27.795                       -1.822304
                  27.798                      -1.8220751
                  27.801                      -1.8218484
                  27.804                      -1.8216239
                  27.807                      -1.8214017
                   27.81                      -1.8211816
                  27.813                      -1.8209637
                  27.816                      -1.8207481
                  27.819                      -1.8205346
                  27.822                      -1.8203232
                  27.825                      -1.8201141
                  27.828                      -1.8199071
                  27.831                      -1.8197023
                  27.834                      -1.8194996
                  27.837                      -1.8192991
                   27.84                      -1.8191008
                  27.843                      -1.8189045
                  27.846                      -1.8187104
                  27.849                      -1.8185185
                  27.852                      -1.8183286
                  27.855                      -1.8181409
                  27.858                      -1.8179552
                  27.861                      -1.8177717
                  27.864                      -1.8175902
                  27.867                      -1.8174109
                   27.87                      -1.8172336
                  27.873                      -1.8170584
                  27.876                      -1.8168852
                  27.879                      -1.8167141
                  27.882                       -1.816545
                  27.885                       -1.816378
                  27.888                       -1.816213
                  27.891                        -1.81605
                  27.894                       -1.815889
                  27.897                      -1.8157301
                    27.9                      -1.8155731
                  27.903                      -1.8154182
                  27.906                      -1.8152652
                  27.909                      -1.8151141
                  27.912                      -1.8149651
                  27.915                       -1.814818
                  27.918                      -1.8146728
                  27.921                      -1.8145296
                  27.924                      -1.8143883
                  27.927                       -1.814249
                   27.93                      -1.8141116
                  27.933                       -1.813976
                  27.936                      -1.8138424
                  27.939                      -1.8137106
                  27.942                      -1.8135808
                  27.945                      -1.8134528
                  27.948                      -1.8133267
                  27.951                      -1.8132024
                  27.954                        -1.81308
                  27.957                      -1.8129594
                   27.96                      -1.8128406
                  27.963                      -1.8127237
                  27.966                      -1.8126086
                  27.969                      -1.8124953
                  27.972                      -1.8123838
                  27.975                      -1.8122741
                  27.978                      -1.8121662
                  27.981                      -1.8120601
                  27.984                      -1.8119557
                  27.987                      -1.8118531
                   27.99                      -1.8117523
                  27.993                      -1.8116532
                  27.996                      -1.8115558
                  27.999                      -1.8114602
                  28.002                      -1.8113663
                  28.005                      -1.8112741
                  28.008                      -1.8111836
                  28.011                      -1.8110949
                  28.014                      -1.8110078
                  28.017                      -1.8109224
                   28.02                      -1.8108388
                  28.023                      -1.8107567
                  28.026                      -1.8106764
                  28.029                      -1.8105977
                  28.032                      -1.8105207
                  28.035                      -1.8104454
                  28.038                      -1.8103717
                  28.041                      -1.8102996
                  28.044                      -1.8102292
                  28.047                      -1.8101604
                   28.05                      -1.8100932
                  28.053                      -1.8100277
                  28.056                      -1.8099637
                  28.059                      -1.8099014
                  28.062                      -1.8098407
                  28.065                      -1.8097816
                  28.068                       -1.809724
                  28.071                      -1.8096681
                  28.074                      -1.8096137
                  28.077                       -1.809561
                   28.08                      -1.8095098
                  28.083                      -1.8094602
                  28.086                      -1.8094121
                  28.089                      -1.8093656
                  28.092                      -1.8093207
                  28.095                      -1.8092773
                  28.098                      -1.8092355
                  28.101                      -1.8091952
                  28.104                      -1.8091565
                  28.107                      -1.8091193
                   28.11                      -1.8090836
                  28.113                      -1.8090495
                  28.116                      -1.8090169
                  28.119                      -1.8089859
                  28.122                      -1.8089564
                  28.125                      -1.8089284
                  28.128                      -1.8089019
                  28.131                      -1.8088769
                  28.134                      -1.8088535
                  28.137                      -1.8088316
                   28.14                      -1.8088111
                  28.143                      -1.8087922
                  28.146                      -1.8087748
                  28.149                      -1.8087589
                  28.152                      -1.8087446
                  28.155                      -1.8087317
                  28.158                      -1.8087203
                  28.161                      -1.8087104
                  28.164                       -1.808702
                  28.167                      -1.8086952
                   28.17                      -1.8086898
                  28.173                      -1.8086859
                  28.176                      -1.8086835
                  28.179                      -1.8086826
                  28.182                      -1.8086831
                  28.185                      -1.8086852
                  28.188                      -1.8086888
                  28.191                      -1.8086938
                  28.194                      -1.8087004
                  28.197                      -1.8087084
                    28.2                      -1.8087179
                  28.203                      -1.8087289
                  28.206                      -1.8087414
                  28.209                      -1.8087554
                  28.212                      -1.8087709
                  28.215                      -1.8087878
                  28.218                      -1.8088062
                  28.221                      -1.8088261
                  28.224                      -1.8088475
                  28.227                      -1.8088704
                   28.23                      -1.8088948
                  28.233                      -1.8089206
                  28.236                       -1.808948
                  28.239                      -1.8089768
                  28.242                      -1.8090071
                  28.245                      -1.8090389
                  28.248                      -1.8090721
                  28.251                      -1.8091069
                  28.254                      -1.8091431
                  28.257                      -1.8091808
                   28.26                        -1.80922
                  28.263                      -1.8092606
                  28.266                      -1.8093028
                  28.269                      -1.8093464
                  28.272                      -1.8093915
                  28.275                      -1.8094381
                  28.278                      -1.8094862
                  28.281                      -1.8095357
                  28.284                      -1.8095868
                  28.287                      -1.8096393
                   28.29                      -1.8096933
                  28.293                      -1.8097487
                  28.296                      -1.8098056
                  28.299                      -1.8098641
                  28.302                      -1.8099239
                  28.305                      -1.8099853
                  28.308                      -1.8100481
                  28.311                      -1.8101124
                  28.314                      -1.8101782
                  28.317                      -1.8102454
                   28.32                      -1.8103141
                  28.323                      -1.8103843
                  28.326                      -1.8104559
                  28.329                       -1.810529
                  28.332                      -1.8106036
                  28.335                      -1.8106796
                  28.338                       -1.810757
                  28.341                       -1.810836
                  28.344                      -1.8109163
                  28.347                      -1.8109981
                   28.35                      -1.8110814
                  28.353                      -1.8111661
                  28.356                      -1.8112522
                  28.359                      -1.8113398
                  28.362                      -1.8114288
                  28.365                      -1.8115193
                  28.368                      -1.8116111
                  28.371                      -1.8117044
                  28.374                      -1.8117991
                  28.377                      -1.8118952
                   28.38                      -1.8119927
                  28.383                      -1.8120916
                  28.386                       -1.812192
                  28.389                      -1.8122937
                  28.392                      -1.8123968
                  28.395                      -1.8125012
                  28.398                      -1.8126071
                  28.401                      -1.8127143
                  28.404                      -1.8128229
                  28.407                      -1.8129328
                   28.41                      -1.8130441
                  28.413                      -1.8131568
                  28.416                      -1.8132707
                  28.419                       -1.813386
                  28.422                      -1.8135026
                  28.425                      -1.8136206
                  28.428                      -1.8137398
                  28.431                      -1.8138603
                  28.434                      -1.8139821
                  28.437                      -1.8141052
                   28.44                      -1.8142295
                  28.443                      -1.8143551
                  28.446                       -1.814482
                  28.449                        -1.81461
                  28.452                      -1.8147393
                  28.455                      -1.8148698
                  28.458                      -1.8150016
                  28.461                      -1.8151345
                  28.464                      -1.8152686
                  28.467                      -1.8154038
                   28.47                      -1.8155402
                  28.473                      -1.8156777
                  28.476                      -1.8158164
                  28.479                      -1.8159562
                  28.482                      -1.8160971
                  28.485                       -1.816239
                  28.488                       -1.816382
                  28.491                      -1.8165261
                  28.494                      -1.8166712
                  28.497                      -1.8168174
                    28.5                      -1.8169645
                  28.503                      -1.8171127
                  28.506                      -1.8172618
                  28.509                      -1.8174119
                  28.512                      -1.8175629
                  28.515                      -1.8177148
                  28.518                      -1.8178676
                  28.521                      -1.8180213
                  28.524                      -1.8181759
                  28.527                      -1.8183313
                   28.53                      -1.8184876
                  28.533                      -1.8186447
                  28.536                      -1.8188025
                  28.539                      -1.8189611
                  28.542                      -1.8191205
                  28.545                      -1.8192806
                  28.548                      -1.8194414
                  28.551                      -1.8196028
                  28.554                       -1.819765
                  28.557                      -1.8199278
                   28.56                      -1.8200912
                  28.563                      -1.8202551
                  28.566                      -1.8204197
                  28.569                      -1.8205848
                  28.572                      -1.8207504
                  28.575                      -1.8209165
                  28.578                      -1.8210832
                  28.581                      -1.8212502
                  28.584                      -1.8214177
                  28.587                      -1.8215856
                   28.59                      -1.8217539
                  28.593                      -1.8219225
                  28.596                      -1.8220915
                  28.599                      -1.8222607
                  28.602                      -1.8224303
                  28.605                      -1.8226001
                  28.608                      -1.8227701
                  28.611                      -1.8229404
                  28.614                      -1.8231108
                  28.617                      -1.8232814
                   28.62                      -1.8234521
                  28.623                      -1.8236229
                  28.626                      -1.8237938
                  28.629                      -1.8239648
                  28.632                      -1.8241358
                  28.635                      -1.8243068
                  28.638                      -1.8244778
                  28.641                      -1.8246488
                  28.644                      -1.8248197
                  28.647                      -1.8249905
                   28.65                      -1.8251612
                  28.653                      -1.8253318
                  28.656                      -1.8255023
                  28.659                      -1.8256725
                  28.662                      -1.8258426
                  28.665                      -1.8260124
                  28.668                      -1.8261821
                  28.671                      -1.8263514
                  28.674                      -1.8265205
                  28.677                      -1.8266893
                   28.68                      -1.8268578
                  28.683                      -1.8270259
                  28.686                      -1.8271937
                  28.689                      -1.8273611
                  28.692                      -1.8275282
                  28.695                      -1.8276949
                  28.698                      -1.8278611
                  28.701                      -1.8280269
                  28.704                      -1.8281923
                  28.707                      -1.8283573
                   28.71                      -1.8285218
                  28.713                      -1.8286858
                  28.716                      -1.8288493
                  28.719                      -1.8290124
                  28.722                      -1.8291749
                  28.725                       -1.829337
                  28.728                      -1.8294985
                  28.731                      -1.8296596
                  28.734                      -1.8298201
                  28.737                      -1.8299801
                   28.74                      -1.8301396
                  28.743                      -1.8302985
                  28.746                       -1.830457
                  28.749                      -1.8306149
                  28.752                      -1.8307722
                  28.755                      -1.8309291
                  28.758                      -1.8310854
                  28.761                      -1.8312412
                  28.764                      -1.8313965
                  28.767                      -1.8315513
                   28.77                      -1.8317057
                  28.773                      -1.8318595
                  28.776                      -1.8320128
                  28.779                      -1.8321656
                  28.782                       -1.832318
                  28.785                      -1.8324699
                  28.788                      -1.8326214
                  28.791                      -1.8327724
                  28.794                       -1.832923
                  28.797                      -1.8330732
                    28.8                      -1.8332229
                  28.803                      -1.8333723
                  28.806                      -1.8335213
                  28.809                        -1.83367
                  28.812                      -1.8338182
                  28.815                      -1.8339662
                  28.818                      -1.8341138
                  28.821                      -1.8342611
                  28.824                      -1.8344081
                  28.827                      -1.8345548
                   28.83                      -1.8347012
                  28.833                      -1.8348474
                  28.836                      -1.8349934
                  28.839                      -1.8351391
                  28.842                      -1.8352846
                  28.845                      -1.8354298
                  28.848                      -1.8355749
                  28.851                      -1.8357199
                  28.854                      -1.8358646
                  28.857                      -1.8360092
                   28.86                      -1.8361537
                  28.863                       -1.836298
                  28.866                      -1.8364422
                  28.869                      -1.8365863
                  28.872                      -1.8367303
                  28.875                      -1.8368741
                  28.878                       -1.837018
                  28.881                      -1.8371617
                  28.884                      -1.8373054
                  28.887                       -1.837449
                   28.89                      -1.8375925
                  28.893                       -1.837736
                  28.896                      -1.8378794
                  28.899                      -1.8380228
                  28.902                      -1.8381662
                  28.905                      -1.8383095
                  28.908                      -1.8384528
                  28.911                      -1.8385961
                  28.914                      -1.8387393
                  28.917                      -1.8388825
                   28.92                      -1.8390256
                  28.923                      -1.8391687
                  28.926                      -1.8393118
                  28.929                      -1.8394548
                  28.932                      -1.8395978
                  28.935                      -1.8397407
                  28.938                      -1.8398836
                  28.941                      -1.8400264
                  28.944                      -1.8401692
                  28.947                      -1.8403118
                   28.95                      -1.8404544
                  28.953                      -1.8405969
                  28.956                      -1.8407393
                  28.959                      -1.8408816
                  28.962                      -1.8410238
                  28.965                      -1.8411659
                  28.968                      -1.8413078
                  28.971                      -1.8414496
                  28.974                      -1.8415912
                  28.977                      -1.8417326
                   28.98                      -1.8418739
                  28.983                       -1.842015
                  28.986                      -1.8421559
                  28.989                      -1.8422966
                  28.992                       -1.842437
                  28.995                      -1.8425772
                  28.998                      -1.8427172
                  29.001                      -1.8428568
                  29.004                      -1.8429962
                  29.007                      -1.8431354
                   29.01                      -1.8432742
                  29.013                      -1.8434126
                  29.016                      -1.8435508
                  29.019                      -1.8436886
                  29.022                      -1.8438261
                  29.025                      -1.8439631
                  29.028                      -1.8440998
                  29.031                      -1.8442361
                  29.034                       -1.844372
                  29.037                      -1.8445075
                   29.04                      -1.8446425
                  29.043                       -1.844777
                  29.046                      -1.8449111
                  29.049                      -1.8450448
                  29.052                      -1.8451779
                  29.055                      -1.8453105
                  29.058                      -1.8454427
                  29.061                      -1.8455743
                  29.064                      -1.8457053
                  29.067                      -1.8458358
                   29.07                      -1.8459658
                  29.073                      -1.8460952
                  29.076                       -1.846224
                  29.079                      -1.8463522
                  29.082                      -1.8464798
                  29.085                      -1.8466069
                  29.088                      -1.8467332
                  29.091                       -1.846859
                  29.094                      -1.8469842
                  29.097                      -1.8471086
                    29.1                      -1.8472325
                  29.103                      -1.8473557
                  29.106                      -1.8474782
                  29.109                         -1.8476
                  29.112                      -1.8477212
                  29.115                      -1.8478417
                  29.118                      -1.8479615
                  29.121                      -1.8480806
                  29.124                       -1.848199
                  29.127                      -1.8483167
                   29.13                      -1.8484337
                  29.133                        -1.84855
                  29.136                      -1.8486655
                  29.139                      -1.8487804
                  29.142                      -1.8488945
                  29.145                      -1.8490079
                  29.148                      -1.8491206
                  29.151                      -1.8492326
                  29.154                      -1.8493438
                  29.157                      -1.8494543
                   29.16                      -1.8495641
                  29.163                      -1.8496731
                  29.166                      -1.8497815
                  29.169                      -1.8498891
                  29.172                       -1.849996
                  29.175                      -1.8501021
                  29.178                      -1.8502076
                  29.181                      -1.8503123
                  29.184                      -1.8504163
                  29.187                      -1.8505196
                   29.19                      -1.8506222
                  29.193                      -1.8507241
                  29.196                      -1.8508252
                  29.199                      -1.8509257
                  29.202                      -1.8510255
                  29.205                      -1.8511246
                  29.208                      -1.8512231
                  29.211                      -1.8513208
                  29.214                      -1.8514179
                  29.217                      -1.8515144
                   29.22                      -1.8516102
                  29.223                      -1.8517053
                  29.226                      -1.8517998
                  29.229                      -1.8518937
                  29.232                      -1.8519869
                  29.235                      -1.8520796
                  29.238                      -1.8521716
                  29.241                       -1.852263
                  29.244                      -1.8523539
                  29.247                      -1.8524441
                   29.25                      -1.8525338
                  29.253                       -1.852623
                  29.256                      -1.8527116
                  29.259                      -1.8527996
                  29.262                      -1.8528872
                  29.265                      -1.8529742
                  29.268                      -1.8530607
                  29.271                      -1.8531467
                  29.274                      -1.8532322
                  29.277                      -1.8533173
                   29.28                      -1.8534019
                  29.283                      -1.8534861
                  29.286                      -1.8535698
                  29.289                      -1.8536531
                  29.292                       -1.853736
                  29.295                      -1.8538185
                  29.298                      -1.8539007
                  29.301                      -1.8539824
                  29.304                      -1.8540638
                  29.307                      -1.8541449
                   29.31                      -1.8542257
                  29.313                      -1.8543061
                  29.316                      -1.8543862
                  29.319                      -1.8544661
                  29.322                      -1.8545456
                  29.325                       -1.854625
                  29.328                       -1.854704
                  29.331                      -1.8547829
                  29.334                      -1.8548615
                  29.337                        -1.85494
                   29.34                      -1.8550182
                  29.343                      -1.8550963
                  29.346                      -1.8551742
                  29.349                       -1.855252
                  29.352                      -1.8553297
                  29.355                      -1.8554072
                  29.358                      -1.8554847
                  29.361                      -1.8555621
                  29.364                      -1.8556394
                  29.367                      -1.8557167
                   29.37                       -1.855794
                  29.373                      -1.8558712
                  29.376                      -1.8559484
                  29.379                      -1.8560256
                  29.382                      -1.8561029
                  29.385                      -1.8561802
                  29.388                      -1.8562576
                  29.391                       -1.856335
                  29.394                      -1.8564126
                  29.397                      -1.8564902
                    29.4                      -1.8565679
                  29.403                      -1.8566458
                  29.406                      -1.8567238
                  29.409                       -1.856802
                  29.412                      -1.8568804
                  29.415                       -1.856959
                  29.418                      -1.8570377
                  29.421                      -1.8571167
                  29.424                      -1.8571959
                  29.427                      -1.8572754
                   29.43                      -1.8573551
                  29.433                      -1.8574351
                  29.436                      -1.8575154
                  29.439                      -1.8575961
                  29.442                       -1.857677
                  29.445                      -1.8577582
                  29.448                      -1.8578398
                  29.451                      -1.8579218
                  29.454                      -1.8580041
                  29.457                      -1.8580868
                   29.46                        -1.85817
                  29.463                      -1.8582535
                  29.466                      -1.8583374
                  29.469                      -1.8584218
                  29.472                      -1.8585067
                  29.475                      -1.8585919
                  29.478                      -1.8586777
                  29.481                      -1.8587639
                  29.484                      -1.8588507
                  29.487                      -1.8589379
                   29.49                      -1.8590257
                  29.493                       -1.859114
                  29.496                      -1.8592028
                  29.499                      -1.8592921
                  29.502                      -1.8593821
                  29.505                      -1.8594726
                  29.508                      -1.8595636
                  29.511                      -1.8596553
                  29.514                      -1.8597475
                  29.517                      -1.8598404
                   29.52                      -1.8599338
                  29.523                      -1.8600279
                  29.526                      -1.8601226
                  29.529                       -1.860218
                  29.532                       -1.860314
                  29.535                      -1.8604107
                  29.538                       -1.860508
                  29.541                       -1.860606
                  29.544                      -1.8607046
                  29.547                       -1.860804
                   29.55                       -1.860904
                  29.553                      -1.8610047
                  29.556                      -1.8611061
                  29.559                      -1.8612082
                  29.562                      -1.8613111
                  29.565                      -1.8614146
                  29.568                      -1.8615189
                  29.571                      -1.8616239
                  29.574                      -1.8617296
                  29.577                      -1.8618361
                   29.58                      -1.8619433
                  29.583                      -1.8620512
                  29.586                      -1.8621599
                  29.589                      -1.8622693
                  29.592                      -1.8623794
                  29.595                      -1.8624903
                  29.598                       -1.862602
                  29.601                      -1.8627144
                  29.604                      -1.8628276
                  29.607                      -1.8629415
                   29.61                      -1.8630562
                  29.613                      -1.8631717
                  29.616                      -1.8632879
                  29.619                      -1.8634049
                  29.622                      -1.8635226
                  29.625                      -1.8636411
                  29.628                      -1.8637603
                  29.631                      -1.8638803
                  29.634                      -1.8640011
                  29.637                      -1.8641226
                   29.64                      -1.8642449
                  29.643                      -1.8643679
                  29.646                      -1.8644917
                  29.649                      -1.8646162
                  29.652                      -1.8647415
                  29.655                      -1.8648675
                  29.658                      -1.8649942
                  29.661                      -1.8651217
                  29.664                      -1.8652499
                  29.667                      -1.8653789
                   29.67                      -1.8655086
                  29.673                       -1.865639
                  29.676                      -1.8657701
                  29.679                       -1.865902
                  29.682                      -1.8660345
                  29.685                      -1.8661678
                  29.688                      -1.8663017
                  29.691                      -1.8664364
                  29.694                      -1.8665717
                  29.697                      -1.8667078
                    29.7                      -1.8668445
                  29.703                      -1.8669819
                  29.706                        -1.86712
                  29.709                      -1.8672587
                  29.712                      -1.8673981
                  29.715                      -1.8675381
                  29.718                      -1.8676788
                  29.721                      -1.8678201
                  29.724                      -1.8679621
                  29.727                      -1.8681047
                   29.73                      -1.8682479
                  29.733                      -1.8683917
                  29.736                      -1.8685362
                  29.739                      -1.8686812
                  29.742                      -1.8688269
                  29.745                      -1.8689731
                  29.748                      -1.8691199
                  29.751                      -1.8692673
                  29.754                      -1.8694153
                  29.757                      -1.8695638
                   29.76                      -1.8697129
                  29.763                      -1.8698625
                  29.766                      -1.8700127
                  29.769                      -1.8701634
                  29.772                      -1.8703146
                  29.775                      -1.8704664
                  29.778                      -1.8706187
                  29.781                      -1.8707715
                  29.784                      -1.8709248
                  29.787                      -1.8710786
                   29.79                      -1.8712329
                  29.793                      -1.8713877
                  29.796                       -1.871543
                  29.799                      -1.8716988
                  29.802                       -1.871855
                  29.805                      -1.8720118
                  29.808                      -1.8721689
                  29.811                      -1.8723266
                  29.814                      -1.8724847
                  29.817                      -1.8726432
                   29.82                      -1.8728022
                  29.823                      -1.8729617
                  29.826                      -1.8731216
                  29.829                      -1.8732819
                  29.832                      -1.8734427
                  29.835                      -1.8736039
                  29.838                      -1.8737656
                  29.841                      -1.8739277
                  29.844                      -1.8740902
                  29.847                      -1.8742532
                   29.85                      -1.8744166
                  29.853                      -1.8745804
                  29.856                      -1.8747447
                  29.859                      -1.8749094
                  29.862                      -1.8750745
                  29.865                      -1.8752401
                  29.868                      -1.8754061
                  29.871                      -1.8755726
                  29.874                      -1.8757395
                  29.877                      -1.8759069
                   29.88                      -1.8760748
                  29.883                      -1.8762431
                  29.886                      -1.8764119
                  29.889                      -1.8765811
                  29.892                      -1.8767509
                  29.895                      -1.8769211
                  29.898                      -1.8770918
                  29.901                      -1.8772631
                  29.904                      -1.8774349
                  29.907                      -1.8776072
                   29.91                      -1.8777801
                  29.913                      -1.8779535
                  29.916                      -1.8781275
                  29.919                      -1.8783021
                  29.922                      -1.8784773
                  29.925                      -1.8786531
                  29.928                      -1.8788295
                  29.931                      -1.8790066
                  29.934                      -1.8791843
                  29.937                      -1.8793628
                   29.94                      -1.8795419
                  29.943                      -1.8797218
                  29.946                      -1.8799024
                  29.949                      -1.8800838
                  29.952                       -1.880266
                  29.955                      -1.8804491
                  29.958                      -1.8806329
                  29.961                      -1.8808177
                  29.964                      -1.8810034
                  29.967                        -1.88119
                   29.97                      -1.8813775
                  29.973                      -1.8815661
                  29.976                      -1.8817557
                  29.979                      -1.8819463
                  29.982                      -1.8821381
                  29.985                       -1.882331
                  29.988                       -1.882525
                  29.991                      -1.8827203
                  29.994                      -1.8829168
                  29.997                      -1.8831147
                      30                      -1.8833138


