%###############################################################
%               Frequency                        |S41|
%                                              isolation
%                 (GHz)                           (dB)
%###############################################################
                      27                      -34.271251
                  27.003                      -34.298129
                  27.006                      -34.324943
                  27.009                      -34.351694
                  27.012                      -34.378384
                  27.015                      -34.405014
                  27.018                      -34.431585
                  27.021                      -34.458098
                  27.024                      -34.484555
                  27.027                      -34.510958
                   27.03                      -34.537306
                  27.033                      -34.563603
                  27.036                      -34.589848
                  27.039                      -34.616042
                  27.042                      -34.642188
                  27.045                      -34.668287
                  27.048                      -34.694338
                  27.051                      -34.720344
                  27.054                      -34.746306
                  27.057                      -34.772224
                   27.06                        -34.7981
                  27.063                      -34.823934
                  27.066                      -34.849729
                  27.069                      -34.875483
                  27.072                      -34.901199
                  27.075                      -34.926878
                  27.078                       -34.95252
                  27.081                      -34.978126
                  27.084                      -35.003698
                  27.087                      -35.029235
                   27.09                      -35.054739
                  27.093                      -35.080211
                  27.096                      -35.105651
                  27.099                       -35.13106
                  27.102                      -35.156439
                  27.105                      -35.181789
                  27.108                       -35.20711
                  27.111                      -35.232402
                  27.114                      -35.257668
                  27.117                      -35.282906
                   27.12                      -35.308118
                  27.123                      -35.333305
                  27.126                      -35.358466
                  27.129                      -35.383603
                  27.132                      -35.408716
                  27.135                      -35.433805
                  27.138                      -35.458871
                  27.141                      -35.483915
                  27.144                      -35.508937
                  27.147                      -35.533937
                   27.15                      -35.558915
                  27.153                      -35.583873
                  27.156                       -35.60881
                  27.159                      -35.633727
                  27.162                      -35.658624
                  27.165                      -35.683502
                  27.168                       -35.70836
                  27.171                        -35.7332
                  27.174                      -35.758021
                  27.177                      -35.782823
                   27.18                      -35.807607
                  27.183                      -35.832373
                  27.186                      -35.857121
                  27.189                      -35.881852
                  27.192                      -35.906565
                  27.195                      -35.931261
                  27.198                      -35.955939
                  27.201                      -35.980601
                  27.204                      -36.005245
                  27.207                      -36.029873
                   27.21                      -36.054483
                  27.213                      -36.079077
                  27.216                      -36.103655
                  27.219                      -36.128215
                  27.222                      -36.152759
                  27.225                      -36.177286
                  27.228                      -36.201797
                  27.231                      -36.226291
                  27.234                      -36.250768
                  27.237                      -36.275229
                   27.24                      -36.299672
                  27.243                      -36.324099
                  27.246                      -36.348509
                  27.249                      -36.372902
                  27.252                      -36.397278
                  27.255                      -36.421636
                  27.258                      -36.445977
                  27.261                      -36.470301
                  27.264                      -36.494607
                  27.267                      -36.518896
                   27.27                      -36.543167
                  27.273                      -36.567419
                  27.276                      -36.591654
                  27.279                       -36.61587
                  27.282                      -36.640067
                  27.285                      -36.664246
                  27.288                      -36.688406
                  27.291                      -36.712547
                  27.294                      -36.736669
                  27.297                      -36.760771
                    27.3                      -36.784853
                  27.303                      -36.808915
                  27.306                      -36.832958
                  27.309                      -36.856979
                  27.312                      -36.880981
                  27.315                      -36.904961
                  27.318                       -36.92892
                  27.321                      -36.952858
                  27.324                      -36.976774
                  27.327                      -37.000668
                   27.33                      -37.024541
                  27.333                      -37.048391
                  27.336                      -37.072218
                  27.339                      -37.096022
                  27.342                      -37.119803
                  27.345                      -37.143561
                  27.348                      -37.167295
                  27.351                      -37.191005
                  27.354                      -37.214691
                  27.357                      -37.238352
                   27.36                      -37.261989
                  27.363                        -37.2856
                  27.366                      -37.309186
                  27.369                      -37.332747
                  27.372                      -37.356281
                  27.375                       -37.37979
                  27.378                      -37.403272
                  27.381                      -37.426727
                  27.384                      -37.450155
                  27.387                      -37.473556
                   27.39                      -37.496929
                  27.393                      -37.520275
                  27.396                      -37.543593
                  27.399                      -37.566882
                  27.402                      -37.590142
                  27.405                      -37.613374
                  27.408                      -37.636576
                  27.411                      -37.659749
                  27.414                      -37.682893
                  27.417                      -37.706006
                   27.42                      -37.729089
                  27.423                      -37.752142
                  27.426                      -37.775164
                  27.429                      -37.798155
                  27.432                      -37.821115
                  27.435                      -37.844043
                  27.438                      -37.866939
                  27.441                      -37.889804
                  27.444                      -37.912636
                  27.447                      -37.935436
                   27.45                      -37.958204
                  27.453                      -37.980938
                  27.456                      -38.003639
                  27.459                      -38.026307
                  27.462                      -38.048941
                  27.465                      -38.071542
                  27.468                      -38.094108
                  27.471                       -38.11664
                  27.474                      -38.139138
                  27.477                      -38.161601
                   27.48                      -38.184029
                  27.483                      -38.206422
                  27.486                       -38.22878
                  27.489                      -38.251102
                  27.492                      -38.273389
                  27.495                       -38.29564
                  27.498                      -38.317855
                  27.501                      -38.340034
                  27.504                      -38.362176
                  27.507                      -38.384281
                   27.51                       -38.40635
                  27.513                      -38.428382
                  27.516                      -38.450377
                  27.519                      -38.472335
                  27.522                      -38.494255
                  27.525                      -38.516138
                  27.528                      -38.537983
                  27.531                       -38.55979
                  27.534                      -38.581559
                  27.537                       -38.60329
                   27.54                      -38.624983
                  27.543                      -38.646637
                  27.546                      -38.668253
                  27.549                       -38.68983
                  27.552                      -38.711368
                  27.555                      -38.732867
                  27.558                      -38.754327
                  27.561                      -38.775747
                  27.564                      -38.797129
                  27.567                      -38.818471
                   27.57                      -38.839773
                  27.573                      -38.861036
                  27.576                      -38.882259
                  27.579                      -38.903441
                  27.582                      -38.924584
                  27.585                      -38.945687
                  27.588                      -38.966749
                  27.591                      -38.987772
                  27.594                      -39.008753
                  27.597                      -39.029694
                    27.6                      -39.050595
                  27.603                      -39.071455
                  27.606                      -39.092273
                  27.609                      -39.113051
                  27.612                      -39.133788
                  27.615                      -39.154484
                  27.618                      -39.175139
                  27.621                      -39.195752
                  27.624                      -39.216324
                  27.627                      -39.236854
                   27.63                      -39.257343
                  27.633                      -39.277791
                  27.636                      -39.298196
                  27.639                       -39.31856
                  27.642                      -39.338882
                  27.645                      -39.359162
                  27.648                      -39.379399
                  27.651                      -39.399595
                  27.654                      -39.419748
                  27.657                      -39.439859
                   27.66                      -39.459928
                  27.663                      -39.479954
                  27.666                      -39.499938
                  27.669                      -39.519879
                  27.672                      -39.539777
                  27.675                      -39.559632
                  27.678                      -39.579444
                  27.681                      -39.599214
                  27.684                       -39.61894
                  27.687                      -39.638623
                   27.69                      -39.658263
                  27.693                      -39.677859
                  27.696                      -39.697412
                  27.699                      -39.716921
                  27.702                      -39.736387
                  27.705                      -39.755808
                  27.708                      -39.775186
                  27.711                       -39.79452
                  27.714                      -39.813809
                  27.717                      -39.833055
                   27.72                      -39.852256
                  27.723                      -39.871413
                  27.726                      -39.890525
                  27.729                      -39.909592
                  27.732                      -39.928615
                  27.735                      -39.947592
                  27.738                      -39.966525
                  27.741                      -39.985412
                  27.744                      -40.004254
                  27.747                       -40.02305
                   27.75                      -40.041801
                  27.753                      -40.060506
                  27.756                      -40.079165
                  27.759                      -40.097778
                  27.762                      -40.116345
                  27.765                      -40.134865
                  27.768                      -40.153339
                  27.771                      -40.171766
                  27.774                      -40.190146
                  27.777                      -40.208479
                   27.78                      -40.226765
                  27.783                      -40.245004
                  27.786                      -40.263194
                  27.789                      -40.281337
                  27.792                      -40.299432
                  27.795                      -40.317479
                  27.798                      -40.335477
                  27.801                      -40.353427
                  27.804                      -40.371327
                  27.807                      -40.389179
                   27.81                      -40.406981
                  27.813                      -40.424734
                  27.816                      -40.442437
                  27.819                       -40.46009
                  27.822                      -40.477692
                  27.825                      -40.495245
                  27.828                      -40.512746
                  27.831                      -40.530196
                  27.834                      -40.547595
                  27.837                      -40.564943
                   27.84                      -40.582238
                  27.843                      -40.599482
                  27.846                      -40.616672
                  27.849                      -40.633811
                  27.852                      -40.650896
                  27.855                      -40.667928
                  27.858                      -40.684906
                  27.861                       -40.70183
                  27.864                        -40.7187
                  27.867                      -40.735515
                   27.87                      -40.752276
                  27.873                      -40.768981
                  27.876                       -40.78563
                  27.879                      -40.802224
                  27.882                      -40.818761
                  27.885                      -40.835241
                  27.888                      -40.851665
                  27.891                      -40.868031
                  27.894                      -40.884339
                  27.897                      -40.900589
                    27.9                       -40.91678
                  27.903                      -40.932912
                  27.906                      -40.948985
                  27.909                      -40.964998
                  27.912                      -40.980951
                  27.915                      -40.996844
                  27.918                      -41.012675
                  27.921                      -41.028445
                  27.924                      -41.044153
                  27.927                      -41.059798
                   27.93                      -41.075381
                  27.933                      -41.090901
                  27.936                      -41.106357
                  27.939                      -41.121749
                  27.942                      -41.137076
                  27.945                      -41.152338
                  27.948                      -41.167535
                  27.951                      -41.182665
                  27.954                      -41.197729
                  27.957                      -41.212727
                   27.96                      -41.227656
                  27.963                      -41.242518
                  27.966                      -41.257311
                  27.969                      -41.272036
                  27.972                      -41.286691
                  27.975                      -41.301276
                  27.978                       -41.31579
                  27.981                      -41.330234
                  27.984                      -41.344606
                  27.987                      -41.358906
                   27.99                      -41.373133
                  27.993                      -41.387287
                  27.996                      -41.401368
                  27.999                      -41.415375
                  28.002                      -41.429306
                  28.005                      -41.443163
                  28.008                      -41.456944
                  28.011                      -41.470648
                  28.014                      -41.484276
                  28.017                      -41.497826
                   28.02                      -41.511299
                  28.023                      -41.524693
                  28.026                      -41.538007
                  28.029                      -41.551243
                  28.032                      -41.564398
                  28.035                      -41.577472
                  28.038                      -41.590465
                  28.041                      -41.603376
                  28.044                      -41.616205
                  28.047                      -41.628951
                   28.05                      -41.641613
                  28.053                      -41.654192
                  28.056                      -41.666686
                  28.059                      -41.679094
                  28.062                      -41.691417
                  28.065                      -41.703654
                  28.068                      -41.715804
                  28.071                      -41.727866
                  28.074                      -41.739841
                  28.077                      -41.751727
                   28.08                      -41.763524
                  28.083                      -41.775232
                  28.086                      -41.786849
                  28.089                      -41.798377
                  28.092                      -41.809812
                  28.095                      -41.821157
                  28.098                      -41.832409
                  28.101                      -41.843568
                  28.104                      -41.854635
                  28.107                      -41.865607
                   28.11                      -41.876485
                  28.113                      -41.887269
                  28.116                      -41.897958
                  28.119                       -41.90855
                  28.122                      -41.919047
                  28.125                      -41.929447
                  28.128                       -41.93975
                  28.131                      -41.949955
                  28.134                      -41.960062
                  28.137                      -41.970071
                   28.14                      -41.979981
                  28.143                      -41.989791
                  28.146                      -41.999502
                  28.149                      -42.009113
                  28.152                      -42.018622
                  28.155                      -42.028031
                  28.158                      -42.037339
                  28.161                      -42.046544
                  28.164                      -42.055648
                  28.167                      -42.064649
                   28.17                      -42.073547
                  28.173                      -42.082342
                  28.176                      -42.091033
                  28.179                       -42.09962
                  28.182                      -42.108103
                  28.185                      -42.116482
                  28.188                      -42.124756
                  28.191                      -42.132924
                  28.194                      -42.140988
                  28.197                      -42.148945
                    28.2                      -42.156797
                  28.203                      -42.164543
                  28.206                      -42.172182
                  28.209                      -42.179715
                  28.212                      -42.187141
                  28.215                      -42.194461
                  28.218                      -42.201673
                  28.221                      -42.208778
                  28.224                      -42.215775
                  28.227                      -42.222665
                   28.23                      -42.229448
                  28.233                      -42.236123
                  28.236                       -42.24269
                  28.239                      -42.249149
                  28.242                        -42.2555
                  28.245                      -42.261743
                  28.248                      -42.267878
                  28.251                      -42.273905
                  28.254                      -42.279825
                  28.257                      -42.285636
                   28.26                      -42.291339
                  28.263                      -42.296935
                  28.266                      -42.302422
                  28.269                      -42.307802
                  28.272                      -42.313074
                  28.275                      -42.318239
                  28.278                      -42.323296
                  28.281                      -42.328246
                  28.284                      -42.333089
                  28.287                      -42.337826
                   28.29                      -42.342455
                  28.293                      -42.346978
                  28.296                      -42.351395
                  28.299                      -42.355705
                  28.302                       -42.35991
                  28.305                       -42.36401
                  28.308                      -42.368004
                  28.311                      -42.371893
                  28.314                      -42.375678
                  28.317                      -42.379359
                   28.32                      -42.382936
                  28.323                       -42.38641
                  28.326                       -42.38978
                  28.329                      -42.393048
                  28.332                      -42.396214
                  28.335                      -42.399278
                  28.338                      -42.402241
                  28.341                      -42.405103
                  28.344                      -42.407865
                  28.347                      -42.410527
                   28.35                      -42.413089
                  28.353                      -42.415553
                  28.356                      -42.417919
                  28.359                      -42.420188
                  28.362                      -42.422359
                  28.365                      -42.424434
                  28.368                      -42.426413
                  28.371                      -42.428298
                  28.374                      -42.430087
                  28.377                      -42.431784
                   28.38                      -42.433386
                  28.383                      -42.434897
                  28.386                      -42.436316
                  28.389                      -42.437644
                  28.392                      -42.438882
                  28.395                       -42.44003
                  28.398                       -42.44109
                  28.401                      -42.442062
                  28.404                      -42.442946
                  28.407                      -42.443745
                   28.41                      -42.444458
                  28.413                      -42.445086
                  28.416                       -42.44563
                  28.419                      -42.446092
                  28.422                      -42.446472
                  28.425                       -42.44677
                  28.428                      -42.446988
                  28.431                      -42.447127
                  28.434                      -42.447187
                  28.437                      -42.447169
                   28.44                      -42.447075
                  28.443                      -42.446906
                  28.446                      -42.446661
                  28.449                      -42.446343
                  28.452                      -42.445952
                  28.455                      -42.445489
                  28.458                      -42.444956
                  28.461                      -42.444352
                  28.464                       -42.44368
                  28.467                      -42.442939
                   28.47                      -42.442132
                  28.473                      -42.441259
                  28.476                      -42.440321
                  28.479                       -42.43932
                  28.482                      -42.438255
                  28.485                      -42.437129
                  28.488                      -42.435942
                  28.491                      -42.434696
                  28.494                      -42.433391
                  28.497                      -42.432028
                    28.5                      -42.430609
                  28.503                      -42.429135
                  28.506                      -42.427606
                  28.509                      -42.426024
                  28.512                      -42.424389
                  28.515                      -42.422704
                  28.518                      -42.420968
                  28.521                      -42.419183
                  28.524                       -42.41735
                  28.527                       -42.41547
                   28.53                      -42.413545
                  28.533                      -42.411574
                  28.536                       -42.40956
                  28.539                      -42.407503
                  28.542                      -42.405404
                  28.545                      -42.403264
                  28.548                      -42.401085
                  28.551                      -42.398867
                  28.554                      -42.396612
                  28.557                      -42.394321
                   28.56                      -42.391993
                  28.563                      -42.389632
                  28.566                      -42.387237
                  28.569                      -42.384809
                  28.572                       -42.38235
                  28.575                      -42.379861
                  28.578                      -42.377342
                  28.581                      -42.374794
                  28.584                       -42.37222
                  28.587                      -42.369618
                   28.59                      -42.366991
                  28.593                       -42.36434
                  28.596                      -42.361664
                  28.599                      -42.358966
                  28.602                      -42.356246
                  28.605                      -42.353505
                  28.608                      -42.350745
                  28.611                      -42.347965
                  28.614                      -42.345166
                  28.617                      -42.342351
                   28.62                      -42.339518
                  28.623                       -42.33667
                  28.626                      -42.333808
                  28.629                      -42.330931
                  28.632                      -42.328041
                  28.635                      -42.325139
                  28.638                      -42.322225
                  28.641                        -42.3193
                  28.644                      -42.316365
                  28.647                       -42.31342
                   28.65                      -42.310467
                  28.653                      -42.307507
                  28.656                      -42.304539
                  28.659                      -42.301564
                  28.662                      -42.298584
                  28.665                      -42.295598
                  28.668                      -42.292608
                  28.671                      -42.289615
                  28.674                      -42.286618
                  28.677                      -42.283618
                   28.68                      -42.280617
                  28.683                      -42.277614
                  28.686                       -42.27461
                  28.689                      -42.271606
                  28.692                      -42.268602
                  28.695                      -42.265599
                  28.698                      -42.262598
                  28.701                      -42.259598
                  28.704                        -42.2566
                  28.707                      -42.253605
                   28.71                      -42.250613
                  28.713                      -42.247625
                  28.716                      -42.244641
                  28.719                      -42.241662
                  28.722                      -42.238687
                  28.725                      -42.235717
                  28.728                      -42.232753
                  28.731                      -42.229796
                  28.734                      -42.226844
                  28.737                      -42.223899
                   28.74                      -42.220961
                  28.743                       -42.21803
                  28.746                      -42.215106
                  28.749                      -42.212191
                  28.752                      -42.209283
                  28.755                      -42.206384
                  28.758                      -42.203493
                  28.761                      -42.200611
                  28.764                      -42.197738
                  28.767                      -42.194874
                   28.77                      -42.192019
                  28.773                      -42.189173
                  28.776                      -42.186337
                  28.779                      -42.183511
                  28.782                      -42.180695
                  28.785                      -42.177889
                  28.788                      -42.175093
                  28.791                      -42.172306
                  28.794                      -42.169531
                  28.797                      -42.166765
                    28.8                       -42.16401
                  28.803                      -42.161265
                  28.806                      -42.158531
                  28.809                      -42.155807
                  28.812                      -42.153094
                  28.815                      -42.150392
                  28.818                      -42.147699
                  28.821                      -42.145018
                  28.824                      -42.142347
                  28.827                      -42.139686
                   28.83                      -42.137036
                  28.833                      -42.134396
                  28.836                      -42.131767
                  28.839                      -42.129148
                  28.842                      -42.126539
                  28.845                       -42.12394
                  28.848                      -42.121352
                  28.851                      -42.118774
                  28.854                      -42.116205
                  28.857                      -42.113647
                   28.86                      -42.111098
                  28.863                      -42.108559
                  28.866                      -42.106029
                  28.869                       -42.10351
                  28.872                      -42.100999
                  28.875                      -42.098498
                  28.878                      -42.096006
                  28.881                      -42.093523
                  28.884                      -42.091049
                  28.887                      -42.088583
                   28.89                      -42.086127
                  28.893                      -42.083679
                  28.896                      -42.081239
                  28.899                      -42.078808
                  28.902                      -42.076385
                  28.905                      -42.073971
                  28.908                      -42.071564
                  28.911                      -42.069165
                  28.914                      -42.066774
                  28.917                      -42.064391
                   28.92                      -42.062015
                  28.923                      -42.059647
                  28.926                      -42.057286
                  28.929                      -42.054932
                  28.932                      -42.052586
                  28.935                      -42.050246
                  28.938                      -42.047914
                  28.941                      -42.045588
                  28.944                       -42.04327
                  28.947                      -42.040958
                   28.95                      -42.038653
                  28.953                      -42.036355
                  28.956                      -42.034063
                  28.959                      -42.031778
                  28.962                        -42.0295
                  28.965                      -42.027228
                  28.968                      -42.024963
                  28.971                      -42.022704
                  28.974                      -42.020452
                  28.977                      -42.018207
                   28.98                      -42.015968
                  28.983                      -42.013736
                  28.986                       -42.01151
                  28.989                      -42.009292
                  28.992                       -42.00708
                  28.995                      -42.004875
                  28.998                      -42.002677
                  29.001                      -42.000487
                  29.004                      -41.998303
                  29.007                      -41.996127
                   29.01                      -41.993959
                  29.013                      -41.991798
                  29.016                      -41.989645
                  29.019                      -41.987501
                  29.022                      -41.985364
                  29.025                      -41.983236
                  29.028                      -41.981117
                  29.031                      -41.979007
                  29.034                      -41.976906
                  29.037                      -41.974815
                   29.04                      -41.972733
                  29.043                      -41.970662
                  29.046                      -41.968601
                  29.049                      -41.966551
                  29.052                      -41.964512
                  29.055                      -41.962484
                  29.058                      -41.960468
                  29.061                      -41.958465
                  29.064                      -41.956475
                  29.067                      -41.954497
                   29.07                      -41.952533
                  29.073                      -41.950584
                  29.076                      -41.948648
                  29.079                      -41.946728
                  29.082                      -41.944824
                  29.085                      -41.942935
                  29.088                      -41.941064
                  29.091                      -41.939209
                  29.094                      -41.937372
                  29.097                      -41.935554
                    29.1                      -41.933754
                  29.103                      -41.931974
                  29.106                      -41.930214
                  29.109                      -41.928475
                  29.112                      -41.926758
                  29.115                      -41.925062
                  29.118                       -41.92339
                  29.121                      -41.921741
                  29.124                      -41.920116
                  29.127                      -41.918516
                   29.13                      -41.916942
                  29.133                      -41.915394
                  29.136                      -41.913873
                  29.139                       -41.91238
                  29.142                      -41.910916
                  29.145                       -41.90948
                  29.148                      -41.908075
                  29.151                      -41.906701
                  29.154                      -41.905358
                  29.157                      -41.904048
                   29.16                      -41.902771
                  29.163                      -41.901527
                  29.166                      -41.900319
                  29.169                      -41.899145
                  29.172                      -41.898008
                  29.175                      -41.896908
                  29.178                      -41.895846
                  29.181                      -41.894821
                  29.184                      -41.893836
                  29.187                      -41.892891
                   29.19                      -41.891986
                  29.193                      -41.891123
                  29.196                      -41.890302
                  29.199                      -41.889523
                  29.202                      -41.888787
                  29.205                      -41.888095
                  29.208                      -41.887448
                  29.211                      -41.886846
                  29.214                      -41.886289
                  29.217                      -41.885779
                   29.22                      -41.885315
                  29.223                      -41.884898
                  29.226                      -41.884529
                  29.229                      -41.884208
                  29.232                      -41.883935
                  29.235                      -41.883712
                  29.238                      -41.883537
                  29.241                      -41.883411
                  29.244                      -41.883335
                  29.247                      -41.883309
                   29.25                      -41.883333
                  29.253                      -41.883407
                  29.256                      -41.883531
                  29.259                      -41.883704
                  29.262                      -41.883928
                  29.265                      -41.884202
                  29.268                      -41.884526
                  29.271                      -41.884899
                  29.274                      -41.885321
                  29.277                      -41.885793
                   29.28                      -41.886313
                  29.283                      -41.886881
                  29.286                      -41.887497
                  29.289                      -41.888159
                  29.292                      -41.888869
                  29.295                      -41.889624
                  29.298                      -41.890424
                  29.301                      -41.891268
                  29.304                      -41.892155
                  29.307                      -41.893084
                   29.31                      -41.894055
                  29.313                      -41.895065
                  29.316                      -41.896115
                  29.319                      -41.897202
                  29.322                      -41.898325
                  29.325                      -41.899483
                  29.328                      -41.900675
                  29.331                      -41.901898
                  29.334                      -41.903151
                  29.337                      -41.904433
                   29.34                      -41.905742
                  29.343                      -41.907075
                  29.346                      -41.908431
                  29.349                      -41.909809
                  29.352                      -41.911205
                  29.355                      -41.912617
                  29.358                      -41.914044
                  29.361                      -41.915484
                  29.364                      -41.916933
                  29.367                       -41.91839
                   29.37                      -41.919851
                  29.373                      -41.921315
                  29.376                      -41.922779
                  29.379                       -41.92424
                  29.382                      -41.925695
                  29.385                      -41.927142
                  29.388                      -41.928578
                  29.391                          -41.93
                  29.394                      -41.931405
                  29.397                      -41.932789
                    29.4                      -41.934151
                  29.403                      -41.935487
                  29.406                      -41.936793
                  29.409                      -41.938066
                  29.412                      -41.939305
                  29.415                      -41.940504
                  29.418                      -41.941661
                  29.421                      -41.942772
                  29.424                      -41.943835
                  29.427                      -41.944846
                   29.43                      -41.945801
                  29.433                      -41.946697
                  29.436                       -41.94753
                  29.439                      -41.948298
                  29.442                      -41.948997
                  29.445                      -41.949623
                  29.448                      -41.950173
                  29.451                      -41.950643
                  29.454                      -41.951031
                  29.457                      -41.951332
                   29.46                      -41.951542
                  29.463                       -41.95166
                  29.466                       -41.95168
                  29.469                      -41.951601
                  29.472                      -41.951418
                  29.475                      -41.951127
                  29.478                      -41.950727
                  29.481                      -41.950212
                  29.484                      -41.949581
                  29.487                      -41.948829
                   29.49                      -41.947953
                  29.493                      -41.946951
                  29.496                      -41.945819
                  29.499                      -41.944553
                  29.502                      -41.943151
                  29.505                       -41.94161
                  29.508                      -41.939926
                  29.511                      -41.938097
                  29.514                      -41.936119
                  29.517                       -41.93399
                   29.52                      -41.931707
                  29.523                      -41.929267
                  29.526                      -41.926667
                  29.529                      -41.923905
                  29.532                      -41.920977
                  29.535                      -41.917882
                  29.538                      -41.914616
                  29.541                      -41.911177
                  29.544                      -41.907563
                  29.547                      -41.903771
                   29.55                      -41.899799
                  29.553                      -41.895645
                  29.556                      -41.891306
                  29.559                      -41.886781
                  29.562                      -41.882066
                  29.565                      -41.877161
                  29.568                      -41.872062
                  29.571                      -41.866769
                  29.574                      -41.861279
                  29.577                       -41.85559
                   29.58                        -41.8497
                  29.583                      -41.843609
                  29.586                      -41.837313
                  29.589                      -41.830813
                  29.592                      -41.824105
                  29.595                      -41.817188
                  29.598                      -41.810062
                  29.601                      -41.802724
                  29.604                      -41.795173
                  29.607                      -41.787409
                   29.61                      -41.779429
                  29.613                      -41.771232
                  29.616                      -41.762818
                  29.619                      -41.754185
                  29.622                      -41.745332
                  29.625                      -41.736258
                  29.628                      -41.726963
                  29.631                      -41.717445
                  29.634                      -41.707703
                  29.637                      -41.697737
                   29.64                      -41.687545
                  29.643                      -41.677128
                  29.646                      -41.666484
                  29.649                      -41.655612
                  29.652                      -41.644513
                  29.655                      -41.633184
                  29.658                      -41.621627
                  29.661                       -41.60984
                  29.664                      -41.597822
                  29.667                      -41.585574
                   29.67                      -41.573095
                  29.673                      -41.560385
                  29.676                      -41.547442
                  29.679                      -41.534267
                  29.682                       -41.52086
                  29.685                      -41.507219
                  29.688                      -41.493346
                  29.691                      -41.479239
                  29.694                      -41.464898
                  29.697                      -41.450324
                    29.7                      -41.435516
                  29.703                      -41.420473
                  29.706                      -41.405196
                  29.709                      -41.389685
                  29.712                      -41.373939
                  29.715                      -41.357959
                  29.718                      -41.341744
                  29.721                      -41.325294
                  29.724                      -41.308609
                  29.727                       -41.29169
                   29.73                      -41.274535
                  29.733                      -41.257146
                  29.736                      -41.239522
                  29.739                      -41.221664
                  29.742                       -41.20357
                  29.745                      -41.185242
                  29.748                       -41.16668
                  29.751                      -41.147882
                  29.754                       -41.12885
                  29.757                      -41.109584
                   29.76                      -41.090083
                  29.763                      -41.070348
                  29.766                      -41.050379
                  29.769                      -41.030176
                  29.772                      -41.009739
                  29.775                      -40.989068
                  29.778                      -40.968164
                  29.781                      -40.947025
                  29.784                      -40.925654
                  29.787                      -40.904049
                   29.79                      -40.882211
                  29.793                       -40.86014
                  29.796                      -40.837836
                  29.799                      -40.815299
                  29.802                       -40.79253
                  29.805                      -40.769528
                  29.808                      -40.746294
                  29.811                      -40.722828
                  29.814                       -40.69913
                  29.817                        -40.6752
                   29.82                      -40.651038
                  29.823                      -40.626646
                  29.826                      -40.602022
                  29.829                      -40.577166
                  29.832                       -40.55208
                  29.835                      -40.526764
                  29.838                      -40.501217
                  29.841                      -40.475439
                  29.844                      -40.449431
                  29.847                      -40.423194
                   29.85                      -40.396727
                  29.853                       -40.37003
                  29.856                      -40.343104
                  29.859                      -40.315949
                  29.862                      -40.288565
                  29.865                      -40.260953
                  29.868                      -40.233112
                  29.871                      -40.205043
                  29.874                      -40.176746
                  29.877                      -40.148222
                   29.88                      -40.119471
                  29.883                      -40.090492
                  29.886                      -40.061286
                  29.889                      -40.031855
                  29.892                      -40.002197
                  29.895                      -39.972313
                  29.898                      -39.942204
                  29.901                      -39.911869
                  29.904                       -39.88131
                  29.907                      -39.850526
                   29.91                      -39.819519
                  29.913                      -39.788288
                  29.916                      -39.756833
                  29.919                      -39.725156
                  29.922                      -39.693257
                  29.925                      -39.661136
                  29.928                      -39.628794
                  29.931                       -39.59623
                  29.934                      -39.563447
                  29.937                      -39.530444
                   29.94                      -39.497222
                  29.943                      -39.463782
                  29.946                      -39.430124
                  29.949                      -39.396249
                  29.952                      -39.362158
                  29.955                      -39.327851
                  29.958                      -39.293329
                  29.961                      -39.258594
                  29.964                      -39.223645
                  29.967                      -39.188484
                   29.97                      -39.153112
                  29.973                       -39.11753
                  29.976                      -39.081738
                  29.979                      -39.045739
                  29.982                      -39.009532
                  29.985                       -38.97312
                  29.988                      -38.936503
                  29.991                      -38.899683
                  29.994                       -38.86266
                  29.997                      -38.825438
                      30                      -38.788016

